2910
1933
2127
4790
5971
373
1347
1552
2988
2244
5853
339
3781
2859
5629
4131
2336
5217
2388
491
3867
5483
3965
766
810
3615
1068
1953
141
1729
5376
4607
3672
2719
3055
2373
1470
5958
4318
5875
570
3137
411
1054
5205
1734
1041
569
475
3890
1062
2508
1889
289
1421
1822
76
79
1517
4666
42
5272
5780
2212
4646
4583
3239
494
5118
804
4983
3708
3644
3749
201
4257
3821
4714
5084
910
5354
1428
4962
5567
4546
1128
1460
4696
4196
908
4531
5317
3611
1158
888
3613
4806
1317
3285
2989
3430
2860
2013
1871
4601
2552
5253
3881
1269
1234
4416
3229
2522
3932
1695
5473
869
5893
3291
4260
2530
4072
3391
67
5168
157
5951
1505
2500
2796
4147
5783
1817
2605
5143
1031
5240
5400
4728
5853
2062
318
2346
1346
3966
4586
2124
746
3966
3211
4821
4226
1727
4490
50
2304
1251
4357
1936
4739
784
2277
5960
4315
5159
5338
4884
2575
5129
3853
4771
5097
3507
4999
1105
2606
1264
5071
4206
1132
4940
5031
1934
5580
3602
5290
2921
2213
4368
192
1661
2238
3442
1115
4849
1730
3007
2509
5710
4067
3747
661
4033
757
5626
1710
5497
1246
4438
2525
358
4849
2780
5141
1137
5671
5048
4746
4147
3038
4052
1716
3059
2669
3179
1435
3057
4280
1868
3079
4898
3511
3973
4365
5410
944
1525
3509
3712
1832
69
418
5961
4703
1584
1077
3495
30
4439
1141
3520
642
3508
2190
2383
840
5652
4057
4127
1531
5277
5909
720
861
2271
2985
168
2625
4815
3422
283
5632
4188
4584
4910
5820
2204
2297
4500
1998
2863
1720
2737
5428
5361
2896
5249
331
5663
4872
82
1341
2729
3657
1510
3640
2121
1867
3894
4819
5428
4189
2773
486
5941
5153
4092
2748
4566
1373
1872
5035
5107
1240
5297
898
714
5476
4961
1497
4668
359
3977
754
5317
1467
5321
5287
1867
4392
3110
2401
4827
2473
5881
2532
2263
745
192
359
3501
3280
900
5316
4659
2267
115
2700
2296
4117
917
4606
5349
1254
1870
1621
653
1136
5139
3829
936
1920
3138
3312
5839
4877
3604
2388
4147
3279
4089
1715
2823
3639
2364
4401
4360
3524
633
1452
3790
2616
2392
4576
5924
512
36
5961
4066
509
1109
3769
4066
5467
3255
1790
4317
4783
5466
3408
4302
2452
3745
4941
4020
3178
4852
163
264
5536
1518
475
484
3256
663
90
4685
5414
3081
3458
967
1357
2639
1914
2362
310
3632
2277
2488
3224
833
1078
4036
2005
1907
99
3345
3463
4432
5405
3939
2569
989
2009
821
1248
1147
3515
1909
5960
1208
489
1462
1129
1935
2476
4268
4995
3286
5818
2042
655
1209
1732
3465
4842
2202
4432
924
3161
4092
2133
5792
4633
5486
1300
3925
2424
211
1083
2104
47
3268
5805
3230
2326
1965
5785
2934
651
4511
4142
5306
1592
4318
3714
5266
5988
4334
3866
2298
1872
971
3184
5250
219
3971
741
2004
5578
4854
5195
5916
3651
2764
3480
3420
5448
1430
3342
1925
3523
5441
5348
50
5785
870
118
5160
2830
4771
4311
5109
3912
2597
423
2896
4344
3058
70
4656
4552
5057
5696
2699
4253
3974
1781
604
5510
4221
3727
2299
2704
3789
3664
5807
3166
5009
1970
4074
2482
2188
2333
4939
1934
5734
4303
1344
2117
1104
2806
4034
431
4188
3202
434
4005
320
4183
3757
4787
1453
97
2626
5756
2144
1295
5663
2261
5087
5728
3921
4594
3853
2074
3859
4079
1464
1855
402
1918
1002
865
5276
4609
4174
5001
824
3068
584
3114
1335
1566
3187
2093
4202
2786
3025
2634
2649
5661
1813
1962
5096
1469
4254
4165
326
5000
2256
2253
1230
2702
5096
1701
3115
5153
4720
1150
4231
3782
1910
447
1226
3158
4864
3970
2196
2957
959
5978
3725
1533
5390
746
4168
3741
3127
5658
4645
1431
4151
635
2314
55
2855
174
5352
4578
3887
5271
4006
4977
5231
435
142
1183
5021
2733
2435
598
724
5513
2218
973
863
3376
3134
3107
663
5314
2180
3436
5344
2513
2484
1498
3318
4450
3940
4595
2290
4924
5322
3437
3462
1754
5060
3028
4269
1143
544
5460
514
551
4206
4861
5295
2850
4608
1550
1455
1502
4027
1229
2345
2438
2886
1567
3061
1360
2437
3163
2738
5218
617
1045
5273
4518
4480
2860
1499
5620
5221
3778
1119
1351
1097
1312
416
5250
365
554
4883
3145
2238
2170
4959
460
2996
1220
4556
3562
2928
451
2334
5371
5854
3951
1233
356
5357
2305
2788
5127
4704
3612
4904
3223
42
3341
3237
1859
4469
3752
2423
5095
3849
770
174
1494
447
2116
2769
3927
758
5796
4791
4949
3883
1381
5550
2927
2606
4590
2078
3934
3745
3417
5735
4322
737
1147
386
1580
1451
715
5250
2731
5391
75
2912
5171
3613
5396
2475
982
4707
2646
5016
2455
1707
5889
6
402
377
5587
1510
4236
35
3755
2976
3465
5804
5229
5065
2241
1950
3125
1887
2668
4441
5503
149
3809
205
1555
2240
3668
5957
3630
5882
4952
5082
5317
2103
5677
902
2684
644
1217
4572
5806
4871
4542
1865
2432
3013
1527
1900
1665
1141
2268
1330
4291
3037
5008
677
4860
2092
5060
3430
1139
999
3076
4021
4690
63
2538
4284
876
1509
1780
1683
1131
3562
4016
4726
935
4141
13
534
5244
4148
1162
2361
879
4639
2803
2020
486
2926
5246
2543
1595
1896
5348
4289
5436
5656
3069
3094
541
3826
4733
5753
5476
2603
4731
2857
1967
372
2024
3662
4787
5470
2067
434
839
988
2133
3277
376
631
2871
4994
4059
5275
125
3471
5776
3155
900
2124
1914
2210
5499
1607
4987
225
641
5197
2918
2380
102
1348
1699
3222
186
5289
3111
5124
1397
2628
295
5770
1455
2042
2666
5227
5210
3074
3709
2781
4451
1787
669
102
2302
