3665
3981
4829
3323
5055
5862
1159
3826
3334
2638
2274
253
5703
2559
969
2752
637
2771
1259
4911
4591
1252
2536
1779
4081
1355
3310
4770
4534
1621
3009
2581
1489
941
5684
5833
5531
2948
537
5234
4359
1033
874
2104
3965
4144
199
4671
2808
1243
4868
5968
3246
2377
1911
1764
1419
4687
306
5374
1311
1154
3646
949
1022
3042
3937
1470
3097
4475
2830
4225
2072
5684
990
4121
2141
901
1021
2530
4004
5232
4305
1351
5706
3610
3883
3065
2604
3142
1942
1513
0
4646
3878
3175
5492
3662
5512
5972
446
4042
4664
902
2787
2508
532
4330
635
3519
2958
3005
400
4338
5521
1865
4647
735
5530
5360
4164
5509
482
2815
5301
3713
779
4380
1310
4182
4789
2197
1392
2486
3252
877
904
3563
5915
1062
866
4265
2193
1521
1322
3199
1542
2322
2062
1561
3910
1443
3848
3930
766
2621
3714
4236
4599
3796
3752
4793
2266
4816
868
3162
1096
3231
666
4529
3288
630
690
3948
3679
82
4763
5649
1504
2128
4342
3605
5694
78
506
2371
3084
3693
3241
5508
1379
804
1597
5264
2289
5414
2396
4271
2574
1328
2383
2319
2491
3778
5820
575
5738
1409
2434
686
2795
2415
831
586
4152
4930
4391
384
5401
1939
2710
209
480
2241
5367
438
1868
165
1679
851
159
3604
5393
3475
775
5588
2106
5354
5253
1534
5032
2303
5280
3272
1710
3004
798
2894
1975
4256
5870
1765
1592
720
2462
580
4822
1503
5576
5115
2977
5278
3281
5451
2150
1274
1164
4600
4229
1801
4903
4766
2150
5457
1478
3069
2254
2517
1425
1738
3073
4328
2803
445
2774
4163
3414
3760
5983
1541
1696
1167
3798
1129
2557
16
4223
4207
3825
2654
926
2375
4860
274
765
965
945
3200
3591
5529
4312
1750
3927
2996
1880
5428
823
2723
864
4721
4080
3636
5319
4984
3359
4849
523
99
1312
611
5339
2723
1747
5567
636
3160
2222
1591
2069
1313
1312
3666
1941
30
1754
4222
581
380
4828
3394
4447
3706
1787
940
3026
240
5466
4668
181
4615
5480
5643
3624
4239
1163
683
5710
722
3424
5904
2743
3202
459
5379
1418
3577
3211
4115
271
477
5311
1268
3570
1116
4245
5551
5233
1829
5927
1461
479
524
1274
4302
1948
1175
3572
2679
4682
2853
753
125
3955
2748
5760
87
3218
5765
1845
4332
4981
5539
4313
659
3332
4201
565
5537
5404
4576
2168
3831
1771
4188
3300
3601
3827
2038
2823
2861
278
3521
3960
5973
3297
5285
2305
2123
4830
1975
3137
2915
5178
5245
3108
186
4871
4316
3686
5256
729
5097
661
4226
121
589
3218
562
2210
5042
615
3608
1738
5842
997
1944
5741
5392
2979
5645
2173
1343
195
5815
4158
1654
5889
3712
4196
2982
5672
2442
19
3488
3907
1557
5843
3510
4422
1811
4280
5886
4399
4490
4471
3720
2241
244
1871
871
749
4814
4305
4092
387
534
4593
4619
1563
2603
1909
3455
5997
3948
5507
3227
1954
3617
4248
4931
3426
2884
1372
4959
2095
722
4857
4343
5542
2177
2457
3640
2940
5629
5269
3863
2582
4692
4561
1404
3573
3201
3276
1909
1560
3891
3855
2524
387
5592
3501
2948
4151
4691
1629
2046
5332
101
2863
2194
5783
5366
1673
2625
3599
1435
203
835
628
1461
2218
3841
702
216
363
497
1631
898
2803
4839
1145
1023
802
688
2800
1005
611
3602
5720
5781
524
2455
4282
79
4250
5701
803
4111
4140
5891
42
1216
844
5246
4432
4694
2912
3634
2630
4858
4793
4561
2402
1416
4911
2257
2935
2231
3892
1901
3942
2162
3901
174
3195
3911
1763
107
973
194
4077
2375
4601
4126
4409
1339
2485
1798
3577
3313
1600
1724
1086
35
5119
4496
138
2219
5768
5666
4509
3003
2606
3215
2368
4626
5126
1791
4218
389
768
4185
725
4817
4883
3121
4295
4841
3881
5720
4820
369
931
4721
1320
4433
959
2266
5352
5972
3009
5737
1182
1461
2736
1971
2557
2595
4246
5309
5401
4450
1544
3474
4032
3522
3328
4942
2310
3503
4307
4872
4470
2499
1220
3703
4464
5946
1395
2168
5825
2362
2458
3723
4226
6
110
5583
4125
3602
2699
330
1322
2793
3521
1758
2773
222
1360
5913
1679
5342
1581
5931
3377
3160
4503
316
2048
1484
2696
132
4295
5424
5087
1134
5741
741
4805
3757
3791
1096
2124
5498
4958
5834
602
3203
758
3959
4129
1548
1637
4103
3041
1599
462
4096
4540
2841
946
153
2027
918
4364
5107
4399
3881
1707
2516
3891
2398
4939
3427
2025
675
4248
1167
761
1903
2658
3678
2353
4377
520
5605
3656
1752
2270
1583
4090
3903
1432
2608
868
2481
1574
3045
41
3019
4209
1177
795
4487
5662
2438
1524
4134
1167
523
799
4100
1315
2502
5910
157
4018
4039
4336
4905
1340
5524
2864
1698
5981
19
478
5268
5988
2130
5818
1393
1262
4752
4734
5138
4877
2906
3561
5123
1488
2137
3592
4338
1504
5179
3863
3398
2790
690
1907
5591
3807
1719
5138
3846
366
4027
3306
5985
5825
2019
4704
4445
5713
499
624
4229
3254
188
984
2119
3323
3924
1690
3977
3318
4979
2831
5363
2065
2473
2087
2981
5136
2170
4753
3323
1533
4191
394
4003
5485
4126
1570
481
4750
1654
2724
1925
2016
2431
4565
4569
1117
1690
2183
3788
129
2988
5714
2101
2687
4640
3909
5558
432
1409
5858
3610
2774
551
959
5723
2125
3218
4295
5759
898
3253
231
3110
3465
5582
5384
4540
3142
5259
1824
2420
2990
3775
3783
3239
2640
2618
4476
2973
2977
4034
5976
4275
2725
1910
1442
1337
4222
5457
3332
3140
1803
1155
452
5012
853
3800
4498
4185
3833
4333
1626
4491
1152
673
5224
3289
1484
1382
2243
528
1362
1866
4585
3636
144
1330
3549
2485
387
3781
5841
1440
3539
4225
3702
5989
234
3125
5217
5180
423
2525
5432
5026
3531
218
4317
2549
5090
1715
5715
3923
4691
2741
4284
4638
3397
2697
3265
2985
5629
1346
4269
4696
1755
3773
857
1995
872
1157
4727
4804
5335
4056
3532
136
4362
2944
1957
6
5178
2830
4403
5351
4949
172
1352
691
4678
470
3724
1400
3748
3046
2734
4298
2229
4696
2596
1389
4313
740
2687
107
1255
2528
4268
5872
2420
4543
5628
1059
1047
2485
5331
2190
800
522
3097
4333
1992
2172
165
5553
4240
411
375
2594
5420
3339
4231
2652
2126
678
2243
2424
3887
184
3309
2350
4451
3078
2559
4568
1894
1568
2602
2210
5067
149
2416
2208
4728
5324
5216
5610
2715
3005
4761
1505
1353
3761
2400
2387
4743
1708
3703
2966
728
337
4908
4307
3925
5998
3876
1278
2633
1239
5583
4087
1664
3824
3410
2860
4692
4392
3174
5503
4592
518
3022
3121
123
3480
3290
1705
5974
1636
4929
4006
2790
5719
3247
754
219
4770
4840
5559
4530
5401
5198
1543
2117
5742
5264
5849
2848
2158
5937
1773
1721
1824
3340
1535
3955
1602
1137
2680
4415
2427
1106
2477
5503
4168
229
5269
4380
5864
5851
5305
651
1849
1830
3616
3396
413
4009
1461
4722
5190
2723
3101
5300
434
3020
4873
4405
5487
404
1359
81
3060
2100
5473
1469
1768
4038
2062
5309
5471
1112
4107
449
3782
3046
5890
1415
1786
4252
5900
5071
2628
2097
736
2288
3645
800
3211
317
1999
5511
5118
5328
4216
3735
498
4006
2346
516
1748
4123
4138
1939
3440
2326
549
652
2429
4485
4373
1731
4364
4067
904
106
2737
3434
1532
4013
47
5376
4704
3288
3305
2950
4400
2876
3409
4211
1587
855
5494
1139
1100
5700
1876
4154
1121
1964
2498
140
5381
2766
1007
3182
2481
2181
1474
140
2994
520
1564
408
1882
2437
4646
3664
3955
4761
4281
3922
5349
4290
885
2093
5617
1965
4313
5683
5664
4247
5559
5489
5128
1742
1723
3646
1234
1621
5065
2637
4300
4029
2878
87
5318
2291
5640
4987
1848
3278
2223
1909
3477
609
2963
3187
3152
809
2435
3610
1182
3769
2545
905
3762
1055
821
4842
1543
790
5674
4274
707
1125
1059
2076
429
221
4212
2787
3288
2565
2509
5503
1048
3683
986
5277
1164
1377
3383
5196
3327
5713
367
5657
1583
3484
4778
3536
4239
124
1571
5871
4532
1785
2085
618
1624
1202
4598
5668
2673
5995
14
3288
3798
4205
4897
4602
1752
224
3065
5710
1528
4771
1943
3309
3429
3173
35
1460
821
18
1058
438
1623
4178
2116
1773
3263
4598
5622
5728
5367
5254
3429
3889
530
2717
3594
492
1653
2728
2073
851
3570
2200
4696
3906
1823
5936
3204
4719
1530
496
2873
3219
3815
2840
4270
660
3814
3735
3978
2422
3167
909
489
1335
2801
3983
3859
196
2411
933
3784
2473
1848
1059
2239
2380
2945
1332
1245
1595
1828
389
1259
4309
2328
2741
3392
5421
5546
5103
2080
5543
2612
4354
4386
1625
3655
460
80
5882
2079
1558
2966
3238
4379
3533
667
5381
4606
1476
643
1906
5664
1444
1936
366
3590
3317
2671
1078
4368
3179
2484
4815
1147
4183
5338
3446
1009
4220
3959
1662
3477
2578
4066
5913
522
1503
1516
4604
3680
5286
634
148
666
2867
1160
4243
5993
5717
5135
5307
3696
2595
1926
2460
148
1143
48
2457
767
3675
1770
927
5970
4896
5619
5697
2819
375
1573
881
4699
882
209
2712
5433
789
3350
2286
4735
5331
4243
807
5704
2337
5194
1357
2936
2511
4325
3844
4757
5750
4431
1938
5192
2339
1045
4037
2415
3673
2430
5629
1051
159
1118
5819
4273
720
3220
4811
415
8
5514
2781
1731
231
5467
1075
5798
2221
5859
1750
4892
950
447
2827
1919
4011
2791
3031
1539
932
3660
2994
4276
5117
5444
2470
29
2761
5014
219
4455
223
4291
4097
2264
5668
3551
3420
2805
4301
5800
1709
4727
4171
3866
4409
2958
5877
3345
1748
191
2894
4059
2961
4652
3306
419
4024
2591
807
4261
4933
1405
2043
810
3814
2140
1025
3875
3513
1781
5351
3338
2236
2028
1812
339
4533
1154
3786
595
5415
4794
3130
5803
5136
4762
3063
2008
2274
5808
474
605
2384
895
3361
4247
3609
2144
2342
3158
1903
1882
2060
3658
4799
1176
3411
480
1435
1281
4934
4330
1204
2250
5054
4043
2446
4497
1352
3072
5669
4283
4655
2095
1546
4244
3829
4589
1135
3010
5027
1049
2128
1259
1502
4789
1900
1178
3090
3888
4112
2417
1643
961
1803
3839
1742
5831
606
249
5866
3017
4925
3988
815
2300
848
1014
789
3595
2931
5074
2424
3702
2523
5868
1738
1895
725
2716
221
2334
4778
5779
206
2626
4815
3302
384
181
3638
5426
2548
4165
333
4219
3077
5187
5797
487
5070
822
2182
4349
5837
3257
3072
946
5403
1658
5488
3290
3346
4289
298
2673
1229
1749
5037
3265
1065
2615
3073
4596
5495
5410
3142
4708
5692
3832
4578
5771
3095
4080
2405
5220
2290
2110
5706
837
1061
4889
3733
2463
4673
4235
2561
2439
1043
2476
884
5114
815
2384
3127
4105
4484
5855
3558
4699
4530
2445
5462
5708
1708
5234
5939
4205
5948
5742
4259
808
623
3911
3144
4022
5189
549
575
783
3958
5820
329
1309
929
5308
4548
5586
1440
3442
1826
274
2644
4416
5012
5373
1283
976
1989
3523
5450
1196
5553
3390
4199
1020
900
4952
3502
2570
851
2092
1418
5063
1745
3029
1372
3710
5308
5628
479
3340
5470
1888
4219
1619
1329
1073
5361
5340
1511
5816
1187
1827
2775
4252
2244
324
2616
5804
405
2281
3300
205
65
3846
4029
2452
2139
3572
3724
3508
5076
5836
2004
3591
4583
3378
2401
5235
1140
2896
2416
2807
2573
2434
3532
5582
1412
673
3397
4547
5864
2882
5913
1181
1434
4989
418
0
4569
5712
3309
5944
764
3686
2926
1233
225
4975
4569
1725
3614
1481
5449
510
4111
1097
2622
93
2107
2503
3725
1145
3452
274
2802
5247
1385
966
4415
3191
1236
372
5741
4522
2729
2869
5918
2249
4171
4353
2764
5568
611
593
4052
1035
2673
3999
5712
686
4826
925
3422
5100
2941
2936
2564
4712
5841
4271
5946
5924
4086
883
3199
2295
714
4316
453
3928
3311
1829
3546
1201
4515
2603
5290
4651
2220
1506
4401
2213
5561
1583
3947
3222
2350
2038
1201
5047
4038
991
5257
5097
5277
4398
3000
5458
292
2159
1134
2571
5152
3190
5380
2513
71
534
3300
4025
2739
4418
609
1645
3973
583
4849
4373
2855
5921
2577
2020
4879
2408
1086
5389
1060
5465
1336
4512
3390
5432
2692
4089
2528
334
3903
744
2446
5868
278
5570
909
1408
5839
2685
5634
4086
3199
2688
3605
1835
5244
2755
1038
78
323
2551
1429
5154
5097
975
5155
2560
5245
223
2981
5663
494
2203
4328
49
5093
1615
705
1357
20
1937
5405
745
5412
3504
5982
5989
2281
2415
2159
1814
680
2684
1224
1769
1693
5277
5623
3487
3047
3876
2719
3078
3394
3713
381
3002
5195
5258
5850
3388
497
416
3861
1480
4215
4886
4849
3687
1232
91
1364
4952
4233
4108
2832
1095
2051
536
4783
1514
1483
550
5551
5029
606
133
2493
4703
1786
5041
1877
4133
2983
3287
114
5803
3231
5675
5192
2439
5435
5513
1966
4097
2782
1458
5996
3710
3909
628
928
2624
5158
1765
1538
635
3239
5449
2973
580
3273
1110
2142
1517
985
5913
3234
5614
117
1746
1988
132
1338
3733
1534
3805
2137
1899
4923
1490
5662
2781
1690
5131
1838
1306
2421
2978
4015
2718
623
5887
5898
1872
4797
5130
1146
3455
5113
3516
4005
3433
1315
1217
1645
4483
4331
514
1619
391
3131
3655
611
1653
2266
4943
1323
3899
1909
3525
477
5624
1320
2212
370
374
5694
573
2202
4785
683
1585
1755
4541
4058
3325
1724
5637
2160
3587
715
2558
865
1390
3322
2818
1481
3370
4065
3785
5593
5539
2005
2886
613
139
2526
3087
3356
228
4724
3362
3141
5543
5485
3985
1829
3158
1468
3092
2996
4899
4729
770
747
3254
886
2455
4201
2894
566
437
742
96
113
5387
98
1093
2595
3044
3141
5245
244
1771
4376
5625
4307
74
1434
1966
2209
3133
177
4091
3486
3451
2159
729
3721
4866
525
1559
3483
5583
2765
5858
5590
952
1169
5958
1359
5916
3070
2564
4554
3660
3821
4764
4416
3439
118
411
5032
5838
4633
5821
2350
2200
4379
5669
1626
3178
3785
4418
4529
4903
979
5882
471
4497
3514
1869
3328
3011
107
2548
3427
16
3896
4514
3148
4156
5407
5334
4738
1886
3851
561
1174
1121
4555
2116
1870
5651
2593
823
5703
5377
5649
1802
1856
4675
5448
4871
567
4157
4869
398
2638
5373
3680
1820
5814
5821
3205
5153
3782
2215
5103
2754
2542
2623
4860
4253
3651
2523
859
681
2525
2039
3308
2646
4252
1984
5963
1631
90
2134
4421
10
308
2990
470
3809
5826
5490
3044
3687
886
945
4804
2915
3131
1932
4828
1914
5055
1522
2643
4511
400
82
5518
3869
4898
2302
868
3918
3986
4735
265
5361
1014
4997
1804
2687
765
4181
3608
5728
805
2273
1491
5500
2219
3590
4272
1792
3185
1372
2398
2345
777
2048
1586
2406
1953
2973
5160
415
5038
4084
3905
114
4334
1818
5417
2984
3513
3935
963
1545
3765
2607
616
3414
5061
106
2526
3959
2580
3674
2697
4159
4314
5012
2423
4435
1925
3790
4388
1778
31
1735
4010
3316
4506
841
5038
1381
5962
4616
5615
2412
3489
25
739
5969
4295
4628
5168
1908
3789
3025
3985
4233
5456
3704
3925
5795
235
3643
5648
2497
1472
5279
3455
971
3645
4000
3615
301
5542
89
2484
5261
3320
4955
5296
2995
1095
1675
1685
3222
5743
5069
561
3412
2324
2510
1891
1385
2113
3499
1311
3140
4137
3017
4515
616
1853
3719
3262
2296
1124
3492
5022
1141
4611
1089
4444
3695
3914
366
5839
3241
5186
3705
4102
2065
250
3803
2881
5750
3585
2280
230
4900
3905
4519
1270
2403
5424
515
4012
425
4239
4010
764
2380
1059
838
2435
679
1319
2975
1920
3222
3024
4105
624
4450
4477
2231
75
1043
3583
5495
3514
2063
2703
4345
2433
3018
1240
115
3389
1074
3068
3468
1776
2757
798
4388
4037
1362
1377
3722
1796
1298
2702
4138
3327
2822
538
500
3740
3050
2597
1678
2947
3795
590
2509
3923
2304
2678
489
3835
3289
5250
4514
5982
281
5922
961
4070
5975
681
654
4834
2492
5670
5284
5167
4597
1903
5775
3616
4754
5195
5879
2229
3173
3236
2700
2530
3365
1926
4948
2883
1558
190
3578
967
3925
3487
1060
4881
5895
1426
1242
5839
1409
2135
5596
5183
2515
1331
2355
2218
4638
2278
1672
5072
4670
1385
3409
5064
5116
2191
3160
5080
2112
2941
4136
748
2315
528
856
5387
2195
2130
5501
626
5845
2888
4159
810
3288
722
5204
5440
3407
2502
2904
4697
333
5678
604
2610
749
3691
1081
5631
2379
3239
4420
3728
2317
1841
2892
293
3028
3930
3997
4845
2823
2692
1206
90
2839
207
103
5857
845
4444
1684
2236
5882
3679
4773
4000
1213
18
3249
5935
366
2441
1015
4397
707
2477
3443
4033
300
3519
1615
1852
2024
4654
2304
3140
110
5966
2325
5825
2908
3419
2585
2410
544
5472
1673
1972
1724
4193
3701
4911
5610
1820
1331
402
368
2581
4560
3519
4148
1398
1664
3672
2585
5142
3126
3980
1347
2564
4365
4535
3871
1978
735
1939
5342
3140
3501
5117
4652
3323
3121
4802
4803
358
5209
3266
1532
4968
2017
1315
3462
5837
4744
1150
4985
5948
4338
5808
3601
630
5844
4356
4820
5597
4553
4179
4433
5633
4341
1089
5136
2195
2766
4285
4522
5598
3429
195
5116
3172
3838
4055
2406
4331
5507
4527
3959
5666
2118
5211
4249
4350
50
2492
2101
5004
592
1699
3073
742
5875
5918
2022
3909
4923
902
1850
2705
2624
1331
289
3882
5364
3489
3703
521
482
4104
3398
2266
5928
1293
751
4549
5600
4595
2122
1939
3315
3412
2558
4680
1088
129
2341
249
3897
3705
2443
3133
2572
3313
2650
3579
2945
4117
4914
4459
5659
3218
4315
4012
1646
869
2162
2252
1295
1855
1418
5325
3067
1587
855
3211
4268
3995
3688
2658
4587
938
904
3400
5981
5083
1430
2297
695
2022
5408
2936
1563
447
4869
4751
3752
4039
1221
5277
640
1372
2405
4032
1625
3044
2224
1650
3474
5814
5685
4467
5407
2303
4731
5096
5918
962
1952
3596
949
3054
1867
751
2995
5786
1215
5894
3297
4925
4042
2013
5731
5344
4799
5567
4261
4239
1715
2815
2577
148
2679
571
898
4069
656
5269
4391
5909
2317
2490
460
3101
3316
4718
2428
2796
1904
3132
3993
1751
976
2765
4988
4685
2771
5265
5541
128
5729
1887
1502
3625
4077
2948
1318
1670
4175
3100
4434
2108
1142
1348
353
3580
1758
707
3110
912
1618
719
258
2430
5283
1918
4580
2916
4110
1899
5370
2707
5622
3389
3614
312
3119
1985
1999
5946
4608
750
1617
4053
5827
3883
1236
3681
554
4891
5620
2226
4168
201
2288
1235
4953
5225
1288
5291
5156
2616
765
4994
5779
1518
1356
5167
5118
1230
5387
4972
3804
349
3005
4059
642
1836
2523
3977
3386
1166
1138
3852
2541
2276
5540
699
4101
991
4622
2939
3350
964
3406
4658
1902
5614
338
1131
2126
3341
5921
2141
2
4625
2976
5879
6000
4467
3477
263
5156
3478
2768
447
4796
5882
4209
4058
2898
2094
3613
3572
2073
4410
627
697
3584
2424
789
2393
4206
1141
3936
2384
3742
3191
5221
2248
3157
3964
3709
5111
5082
3334
1454
3028
888
1048
721
2411
3481
5759
636
3858
834
5514
5712
1323
3317
3181
2863
5219
3081
3524
1790
4745
5629
4292
4341
2763
5590
5830
4657
3050
893
5311
287
4530
5443
4631
5106
2698
3730
2624
356
1384
5186
1636
1825
3116
5745
4125
3452
4750
2571
567
4203
4453
5580
5409
739
1255
2293
4404
5563
5029
2731
4421
373
3468
3133
2064
2537
1928
297
754
5908
597
830
1627
986
5568
680
3558
4978
380
5687
482
2234
1677
5015
2855
5279
4634
2108
160
326
2281
2279
1433
1525
4984
320
1221
5352
653
3807
2646
4828
7
5489
5066
1751
2366
26
233
5503
3932
21
5863
1774
5117
4418
4271
5917
1237
250
4182
3747
3979
3333
4537
2156
5127
2263
4213
1939
1335
2987
259
1897
5985
2671
4472
3829
4087
3898
4876
5747
445
5036
639
4115
1729
3522
947
2864
4797
438
1285
4892
3162
2757
2758
1237
5564
5269
3521
562
28
3279
570
4261
1587
2070
523
813
5316
409
2139
4124
2255
2542
1802
1504
1070
3107
1564
5637
5881
1772
5400
4390
2946
1530
4577
3885
3028
2016
5628
3633
2394
2112
967
95
5175
2595
3600
31
5776
6
2282
3610
3397
1811
211
939
1417
2464
5653
5257
3991
5024
222
3387
658
1050
2889
4972
2810
1096
4727
3921
1156
3822
3832
5941
3109
1571
1315
1581
4916
5494
263
2583
291
2504
1208
1456
5484
1908
2561
1603
387
196
3620
2892
3354
5870
1023
1626
1154
4489
5631
3605
3003
3634
2629
4432
2537
2376
2803
3917
3821
2399
458
3253
5058
3551
3594
150
5775
2108
2560
4511
437
4579
2170
152
4924
1924
4994
2684
5496
5712
1639
1664
3222
2961
3170
2827
5902
4021
2093
3493
4526
5053
5503
4328
2215
3966
4169
1311
1368
3418
272
3389
4403
978
5377
787
5114
4552
1859
141
2399
2336
1704
4613
1268
1222
4246
1297
5000
5229
4904
282
1295
4949
4164
5345
3484
3486
4319
2768
2121
1274
1867
5922
2332
2973
144
998
421
2065
5893
34
4588
2059
3160
3230
5293
4125
4380
5041
5550
5555
3604
4331
1210
5361
5017
3060
5440
349
5002
4081
914
1692
895
1611
5326
3519
3988
5376
3366
4279
4715
4124
4464
3292
2091
2039
4127
857
188
5475
1257
1499
3003
3298
1148
5665
714
5003
4054
1471
2536
4973
5872
1818
509
5816
40
435
1492
2627
1560
4179
247
4866
5289
3308
3817
1136
1697
4555
579
1407
2827
728
2669
2237
587
3579
1784
2481
3238
2596
2682
3629
3769
2248
2230
5565
495
5889
1506
3762
973
1036
3341
1904
5380
2886
3791
3581
916
4528
5751
4023
3345
2387
2512
5750
670
3241
5516
5402
1218
2385
655
1717
4405
1677
4489
2075
2279
4156
2823
2335
4444
1922
4090
4361
2431
5519
5700
1386
4177
1333
1761
1326
3434
21
4628
2653
1630
2552
3803
2006
963
2950
2573
4100
1243
1602
1462
4103
5735
3230
5278
1965
3809
5683
4402
5693
3967
3146
4687
1989
3898
3036
2382
5789
2956
1232
4917
4404
344
3763
601
4571
5741
5325
3873
5420
2264
4715
3830
3116
4446
3699
4695
1660
2133
896
1691
4143
151
1688
3132
3295
3223
2812
533
5898
3941
1528
2898
845
271
5959
4946
3280
3024
5878
5516
5868
2574
525
4776
5313
5056
2139
456
5094
3006
2596
2562
2131
3858
1795
1499
5861
3199
4758
4951
322
1480
1190
3117
1004
2397
5261
5116
4749
836
343
145
69
4649
5660
975
1306
354
4077
724
1035
53
1510
681
4639
4698
2538
4917
1940
3507
2077
1129
557
4614
2599
2131
369
3410
1960
3800
2277
4274
33
2542
657
4054
920
361
2284
985
4872
3109
3037
749
3101
1905
5537
5374
1094
5657
3791
